[ 6.682805 10.806792]
[ 7.602935 10.048686]
[ 5.599044 11.655417]
[ 0.88435584 10.707565  ]
[ 2.6783686 10.23518  ]
[ 7.2122893 11.903385 ]
[ 7.0112095 12.2661915]
[ 3.7966208 11.960396 ]
[ 7.0507817 12.6049   ]
[ 6.7011914 12.49866  ]
[ 3.6374488 11.438254 ]
[ 6.916095 11.361459]
[1.5466478 9.560941 ]
[ 6.514627 10.703095]
[ 0.8574846 11.2280035]
[ 5.611017 12.680326]
[ 6.2005363 13.075813 ]
[ 4.181659 11.222571]
[ 1.498446 10.657943]
[ 6.395535 12.83491 ]
[ 6.07103  12.847813]
[ 4.076214 10.661635]
[0.8695832 8.902945 ]
[ 3.8443623 11.075997 ]
[ 5.7554464 11.000906 ]
[ 5.0173273 12.614704 ]
[ 4.037246 11.59162 ]
[2.2190983 8.823741 ]
[1.5505792 8.913649 ]
[ 1.2756066 11.104074 ]
[ 4.2942843 10.32237  ]
[ 0.89873815 10.407927  ]
[ 4.896505 12.211902]
[ 5.4693522 10.892626 ]
[ 1.4772135 10.319028 ]
[ 4.401114 10.741181]
[ 5.703457 13.158898]
[0.98994076 9.0726385 ]
[ 6.953078 11.962195]
[ 5.973681 11.290235]
[ 6.1111193 11.509229 ]
[ 2.2660658 10.437688 ]
[ 7.0655265 11.407659 ]
[ 3.1059692 10.322365 ]
[ 4.2650237 10.832747 ]
[ 7.6350603 10.204133 ]
[ 4.779525 12.505413]
[ 4.788484 11.089177]
[ 6.6573744 10.265991 ]
[ 0.9537766 10.829975 ]
[ 6.5807505 11.22025  ]
[ 5.0944257 10.812599 ]
[ 4.234262  11.7776375]
[1.5424132 9.732893 ]
[ 5.6401224 10.851422 ]
[ 5.87213  10.674919]
[ 3.869469 10.258568]
[ 5.078185 10.446108]
[ 4.5681853 10.0811   ]
[ 3.7840886 11.474894 ]
[ 2.7043664 10.177035 ]
[ 1.6479098 10.633343 ]
[ 3.7743998 10.016767 ]
[ 5.2847204 12.705626 ]
[ 2.279266 10.838109]
[ 6.2125015 10.154838 ]
[ 4.1535444 11.930091 ]
[0.9116557 9.137345 ]
[ 4.3583217 11.617718 ]
[2.0871806 9.144362 ]
[ 0.45249933 10.589137  ]
[ 5.008919 12.016665]
[ 7.22689  12.392509]
[ 3.6450205 11.629704 ]
[ 6.96663  11.976984]
[ 6.361041 12.262771]
[ 6.841778 12.407024]
[ 4.2130113 11.13059  ]
[1.4247377 9.453453 ]
[ 5.0796356 11.68611  ]
[ 6.2421494 12.3494625]
[ 2.5991282 10.787595 ]
[1.7184283 8.676539 ]
[ 3.7101417 10.621309 ]
[ 4.9556384 12.192588 ]
[ 3.8694367 10.491424 ]
[ 3.7260463 10.54081  ]
[ 4.3752117 10.797157 ]
[ 1.0031378 10.46205  ]
[ 6.1319366 10.680163 ]
[ 0.9321656 10.889807 ]
[ 6.868529 11.216283]
[ 1.1014985 10.2171545]
[ 5.0907526 12.883786 ]
[ 5.7012525 11.479461 ]
[ 4.1979084 12.742957 ]
[ 0.8061725 10.184895 ]
[ 6.1595697 11.957767 ]
[2.1404788 9.243439 ]
[ 4.695358 11.785574]
[ 4.3947725 10.926533 ]
[ 5.7355204 12.806878 ]
[ 7.314952 11.784592]
[5.1375237 9.688895 ]
[ 5.2837353 12.487912 ]
[0.7633918 9.256689 ]
[1.5174661 8.884732 ]
[ 5.819236 11.865275]
[ 6.0010805 12.638617 ]
[ 5.5546   11.483036]
[ 6.733426 10.95523 ]
[ 4.7027698 11.1144   ]
[6.707309 9.158085]
[ 7.596518 10.742779]
[ 6.460195 11.33332 ]
[ 1.2837499 10.643092 ]
[ 5.755171 12.055681]
[ 6.126636 12.010493]
[ 0.6679418 10.2500515]
[ 6.3720202 11.063583 ]
[ 3.8325188 10.888204 ]
[0.8142995 9.167938 ]
[ 3.933069 10.759485]
[ 4.489048 10.904408]
[ 4.3923693 10.041137 ]
[ 7.0713243 11.585712 ]
[ 1.0578908 10.460353 ]
[ 4.5761867 10.767076 ]
[ 1.0015357 10.497368 ]
[ 0.728488  10.4217205]
[ 5.1853337 11.214726 ]
[0.6970949 9.546631 ]
[ 3.990466 12.246401]
[5.433742  7.7276874]
[ 2.9287264 10.691568 ]
[ 4.8687425 12.374957 ]
[ 6.0474854 12.287196 ]
[ 6.05595  10.844382]
[0.6095979 9.727115 ]
[ 7.439778 10.864868]
[ 6.2920923 12.70011  ]
[1.7143157 9.078891 ]
[ 6.927247 12.49737 ]
[ 5.097607 11.654831]
[ 6.308046 11.646357]
[ 4.1415706 12.233242 ]
[ 5.603835 10.867395]
[ 4.8088756 12.699096 ]
[ 2.1214356 10.416521 ]
[ 3.5000381 10.946399 ]
[ 6.898209 11.354876]
[ 3.9348853 11.489038 ]
[ 7.2926273 11.357069 ]
[ 5.8220143 11.264111 ]
[ 5.933511 11.432148]
[ 5.4944205 12.256921 ]
[0.9540658 9.743018 ]
[ 5.303176 12.97839 ]
[ 5.629817 10.305013]
[ 6.648253 11.198484]
[ 6.2204967 12.78224  ]
[ 6.3151684 10.565186 ]
[ 7.107931 12.190243]
[ 5.7884107 10.79394  ]
[ 3.852611 11.440879]
[ 6.0160837 12.647431 ]
[0.9756258 9.41445  ]
[ 4.373654  13.0010395]
[ 5.690783 12.986193]
[ 7.0581284 10.905461 ]
[1.5835797 8.730621 ]
[ 0.95381695 10.250221  ]
[ 4.457503 10.145804]
[ 3.7204075 10.468217 ]
[ 5.2428164 11.84492  ]
[ 6.2617216 11.915488 ]
[ 6.323071 10.248466]
[ 1.1582751 10.152451 ]
[ 4.003256 11.458043]
[1.2073524 9.308313 ]
[6.781534 9.675164]
[ 5.6601934 12.438707 ]
[ 6.2972174 11.43919  ]
[ 7.012695 11.090537]
[ 7.2854376 10.981577 ]
[ 4.5153074 12.3337965]
[ 7.339499 11.17757 ]
[ 3.5943818 10.420226 ]
[ 7.202772 10.955177]
[ 6.5572176 11.748201 ]
[ 6.5451837 11.293769 ]
[ 4.2435856 12.466814 ]
[ 0.97460836 10.379398  ]
[ 4.843549 11.091733]
[1.188318 9.135414]
[ 2.290542 10.967644]
[ 3.5810566 10.88836  ]
[ 5.6167226 10.7481365]
[ 2.725343 11.014241]
[ 4.278721 10.436482]
[ 3.5743923 11.362526 ]
[ 6.368551 11.191946]
[ 5.79861  10.324862]
[ 1.105887 11.052845]
[ 6.299757 10.200936]
[ 1.6678072 10.909494 ]
[ 5.900431 11.050851]
[ 3.6989045 11.015219 ]
[ 2.3552737 10.194437 ]
[ 6.7083316 12.644944 ]
[ 2.1161613 10.507673 ]
[ 7.300464 12.118598]
[ 4.888534 12.456788]
[2.7754123 9.040266 ]
[1.9061562 8.645415 ]
[ 4.961019 11.552322]
[ 6.617646 10.761108]
[ 4.746962 12.797647]
[ 0.74842495 10.019749  ]
[ 5.4123654 12.9995775]
[ 4.8632975 11.925803 ]
[4.934826 9.578566]
[ 2.8314607 10.253011 ]
[ 0.8068611 10.198892 ]
[ 5.808033  11.9557705]
[ 4.131312 11.90991 ]
[1.782039 8.884233]
[ 5.2763085 11.16851  ]
[1.0286721 9.109529 ]
[ 0.90097255 10.615946  ]
[ 5.2667093 13.268988 ]
[ 5.212547 10.633533]
[ 6.0631137 11.1921625]
[ 2.049597 10.529461]
[0.592198 9.481555]
[ 5.3634515 11.781019 ]
[ 6.3148117 11.31948  ]
[ 5.0970783 12.35618  ]
[ 0.62082326 10.406469  ]
[ 6.3510165 11.924055 ]
[ 3.935811 12.204142]
[1.2120417 9.975389 ]
[ 2.0428116 10.401926 ]
[1.6573673 9.572283 ]
[ 7.8057714 11.408549 ]
[ 3.9641595 12.023673 ]
[1.4219701 9.568343 ]
[1.0803334 9.670187 ]
[ 5.4822235 12.124423 ]
[ 6.5661635 11.313855 ]
[ 5.709692 11.822163]
[1.9242363 8.71428  ]
[ 6.0728245 12.700439 ]
[ 5.344106 11.415083]
[ 4.937312 11.688893]
[ 6.855908 12.090771]
[ 4.0099   12.182609]
[ 3.6264043 10.958263 ]
[ 2.8385456 10.503256 ]
[ 3.6989553 10.364642 ]
[1.4812795 9.282761 ]
[ 6.8916636 11.663852 ]
[ 6.6994104 11.05213  ]
[6.829293 7.954811]
[ 6.6587977 12.119306 ]
[ 5.6322894 10.209191 ]
[ 1.8737766 10.472634 ]
[ 5.758039 11.496756]
[5.961734 9.574385]
[5.9655986 9.651722 ]
[1.3553754 9.106376 ]
[ 4.7328434 13.032096 ]
[ 5.198259 12.193144]
[ 5.028475 12.315035]
[1.3762156 8.727967 ]
[ 1.9166743 10.474392 ]
[ 7.3990893 12.307616 ]
[ 6.3839436 13.024169 ]
[5.0478954 8.050146 ]
[ 4.7161474 13.071546 ]
[ 1.6266872 10.572485 ]
[ 4.582892 12.339415]
[ 4.7862306 13.2867   ]
[ 7.4294167 11.181716 ]
[ 1.7102078 10.749182 ]
[ 6.042914 10.641147]
[ 7.3770795 12.3379135]
[1.9532223 9.214632 ]
[ 7.4798174 11.188374 ]
[ 4.3195877 12.967316 ]
[ 7.3386006 11.729808 ]
[ 4.38247  12.194447]
[ 5.917432 12.855881]
[ 4.4583254 12.495859 ]
[ 4.6621385 11.559656 ]
[ 4.99354  11.945598]
[ 6.5395713 11.557218 ]
[ 7.6693115 10.500663 ]
[4.1562347 7.768129 ]
[4.8483634 7.494528 ]
[ 2.0323288 11.315291 ]
[2.5471294 9.127364 ]
[ 4.7840495 13.2241125]
[5.9131093 7.2647953]
[4.6110716 7.5634403]
[ 0.725643 10.55531 ]
[ 7.7888   10.937201]
[ 1.10478  10.781826]
[ 5.0043864 11.470909 ]
[ 7.6940045 11.461273 ]
[ 6.1695724 10.78592  ]
[ 1.5254903 10.974576 ]
[ 7.1320243 11.220709 ]
[ 5.4272823 12.77571  ]
[ 6.455386 11.821657]
[ 6.48324  13.085016]
[ 0.52128667 10.188906  ]
[2.0491383 9.815629 ]
[7.7163324 9.795794 ]
[ 4.583095 13.132305]
[1.8151735 8.501166 ]
[1.385663 9.028124]
[ 3.960101 11.664012]
[ 7.6314526 11.624147 ]
[ 5.800926 10.105103]
[ 2.2642205 11.125875 ]
[ 4.462338 13.130022]
[6.708683 9.592539]
[5.221423 8.089944]
[ 4.332171 12.808927]
[ 4.051731 11.841153]
[6.2525034 7.2390976]
[ 4.3416343 12.335921 ]
[ 4.864584 13.392085]
[ 7.3524055 10.794278 ]
[0.9689088 8.83793  ]
[ 6.6089287 12.731421 ]
[1.210789  9.2176285]
[1.5982224 9.47334  ]
[4.960502  7.2479644]
[ 5.909636 12.687381]
[ 4.173266 12.630207]
[ 4.686412 12.204881]
[5.8174458 7.568731 ]
[ 6.2897286 11.340461 ]
[ 6.331059 11.619646]
[1.9668674 8.565784 ]
[ 5.3897724 12.807132 ]
[ 6.3539696 10.123148 ]
[ 5.042442 10.737754]
[3.1936014 9.322978 ]
[3.4126463 7.944236 ]
[ 7.714727 10.788882]
[5.3179817 7.049734 ]
[ 7.5962443 10.975582 ]
[ 4.853062 12.996936]
[6.1465645 7.3437114]
[6.0365787 7.3524494]
[4.7504554 8.256249 ]
[2.3742146 9.873886 ]
[5.525184 8.053325]
[4.5578876 9.927508 ]
[ 5.564086 12.098827]
[ 6.935792  11.9777155]
[ 7.34908  11.001876]
[5.1848855 7.8760767]
[ 5.4167337 12.591579 ]
[ 2.7805314 10.491706 ]
[ 4.584384 11.784534]
[ 6.5464816 11.711804 ]
[ 5.6672015 10.392495 ]
[ 7.3169823 11.144876 ]
[7.177132 9.594   ]
[ 5.2081656 12.800806 ]
[7.0256634 7.6410723]
[6.4193335 6.846482 ]
[5.476597  7.0287385]
[5.913448  6.8307805]
[6.792628 7.54485 ]
[5.6326323 6.7872686]
[6.007699 7.573756]
[6.3072953 8.106443 ]
[5.989674  7.3055778]
[6.397052 7.415554]
[2.8807998 8.8810835]
[6.0587296 7.117292 ]
[6.895819 8.071522]
[6.2490745 6.9522123]
[5.6237893 7.5033727]
[2.1144142 8.624162 ]
[ 1.3159163 10.017883 ]
[5.88366   7.4330955]
[1.9102545 8.575948 ]
[6.72635  7.852679]
[6.5431876 7.4095325]
[6.3838763 8.079959 ]
[ 7.1786976 10.304736 ]
[4.32455  9.781407]
[6.384514  7.2982507]
[1.506315 8.747085]
[3.4662168 9.23868  ]
[ 3.6281846 10.157012 ]
[5.6561103 8.519676 ]
[5.6435304 8.827432 ]
[1.9698883 8.770155 ]
[5.9567337 6.7498264]
[6.533069  7.3174005]
[ 6.9050593 10.943252 ]
[ 1.6081458 10.351538 ]
[ 7.331956 11.983349]
[ 7.025751 10.400662]
[3.262764 9.098687]
[6.0874195 9.382587 ]
[7.005263 8.162388]
[6.452752  7.8047776]
[6.266741  7.3448386]
[7.180494 8.706972]
[6.7192073 8.30096  ]
[5.537976 8.785254]
[6.396054 7.491262]
[ 7.099039 10.277285]
[2.0947127 8.746497 ]
[1.6575217 9.225435 ]
[6.216732  8.1691675]
[5.2718635 8.701332 ]
[6.577571  7.7110906]
[6.4129887 7.199807 ]
[ 7.153842 10.224341]
[5.9931555 8.104461 ]
[3.0740674 8.29917  ]
[6.3176904 7.9454265]
[6.70553  8.284507]
[5.5722895 7.2926617]
[6.405454 8.517076]
[4.9307237 7.76526  ]
[5.6348095 6.928113 ]
[5.1938267 7.2668185]
[3.4634604 8.742022 ]
[4.744632 7.953808]
[5.4191475 7.144476 ]
[4.7355976 7.5724406]
[4.95884   7.4392376]
[4.9413657 7.6757283]
[5.6937294 6.847461 ]
[5.6280994 6.9455686]
[5.070628  7.7364783]
[ 4.977705 10.319135]
[4.94447  7.623302]
[6.4827137 7.255204 ]
[5.981491  6.7848825]
[5.382406 9.703859]
[4.5581794 8.252148 ]
[1.7300987 9.501801 ]
[2.2819176 9.239844 ]
[4.162293 9.418918]
[ 6.767345 10.748236]
[ 3.0946858 10.1891775]
[2.5416982 8.995043 ]
[6.2691784 9.038648 ]
[5.9542956 9.613478 ]
[6.83246   9.3515835]
[ 1.1770873 10.925408 ]
[2.3399315 9.016271 ]
[ 1.3858156 10.81488  ]
[ 3.7837272 10.335692 ]
[5.967052 7.635666]
[ 5.145013 10.134167]
[ 4.686363 10.378341]
[ 1.5666891 11.027204 ]
[ 4.5912843 10.475406 ]
[4.4078445 8.938414 ]
[4.605413 8.181799]
[5.414897 7.957337]
[3.4698265 8.458675 ]
[4.462758  9.4469385]
[ 1.9104056 10.644113 ]
[4.288415 9.629937]
[4.5481305 7.859215 ]
[ 6.7790823 10.432841 ]
[ 4.0636897 10.628414 ]
[4.5347376 8.863414 ]
[ 5.3138995 10.688357 ]
[ 4.7443676 10.435788 ]
[6.494157 9.297251]
[6.405846 9.757726]
[3.27589  9.553356]
[6.0685806 7.3846703]
[5.405881 9.164342]
[4.6912293 8.433    ]
[7.394763 9.693565]
[ 1.4903547 10.481194 ]
[6.243565 9.737359]
[ 4.761447 11.190839]
[4.804582 9.719176]
[ 3.9098964 10.112843 ]
[7.3867655 9.614078 ]
[ 3.511389 10.409571]
[5.415544 9.368499]
[7.038959 9.877129]
[6.063084  7.5929666]
[ 7.5148325 10.594199 ]
[4.624639 7.897564]
[5.330881 8.074372]
[ 2.3385782 11.189309 ]
[5.9831185 7.2409077]
[6.472833 9.015169]
[4.785502 9.306383]
[6.840799 9.227747]
[ 3.6719177 10.142943 ]
[ 4.5724955 11.510719 ]
[ 1.494471 10.682554]
[ 6.5989146 10.599324 ]
[ 6.106562 10.460344]
[5.0888453 8.76816  ]
[ 1.1020441 10.9183035]
[6.804321 9.955789]
[ 2.8592641 10.139111 ]
[ 0.80847466 11.178523  ]
[4.1966224 9.942208 ]
[3.991573 8.310391]
[ 4.642565 10.045071]
[ 5.8918285 10.500768 ]
[6.865243 9.360431]
[1.2848157 8.625581 ]
[ 6.433555 11.193497]
[ 1.0437253 10.91225  ]
[6.2371817 9.750072 ]
[ 5.3304396 10.003876 ]
[5.343243 7.594983]
[1.8504552 8.693033 ]
[4.378523 8.931866]
[4.812809 8.595469]
[ 4.9070206 10.205954 ]
[ 6.6615767 10.220526 ]
[2.7640169 8.598914 ]
[6.2341084 9.978837 ]
[6.6030927 9.426342 ]
[7.1651044 9.588211 ]
[2.2441075 9.352048 ]
[7.122385 9.916004]
[ 5.573996 11.309398]
[ 6.8505096 10.112012 ]
[4.9128265 8.8128395]
[5.1935954 8.278903 ]
[6.728067 9.308373]
[4.4205337 9.734534 ]
[ 6.321008 10.038491]
[ 1.6815305 11.116628 ]
[5.8152714 9.758709 ]
[6.431638 9.568919]
[ 1.6057253 10.856618 ]
[4.791155 9.952575]
[ 4.9677505 10.5525675]
[ 6.6029453 10.021492 ]
[ 4.6070476 10.973397 ]
[ 1.997293 10.674309]
[5.39874  8.012604]
[5.5110197 9.176835 ]
[2.2386181 9.382699 ]
[ 7.478813 10.56829 ]
[6.860687 9.827042]
[ 4.7646956 10.514133 ]
[ 1.2844665 10.956564 ]
[6.3634157 9.472335 ]
[4.7346363 9.595363 ]
[ 1.3404833 10.769601 ]
[4.2583838 9.055384 ]
[5.0455155 8.081087 ]
[ 7.6966467 11.373428 ]
[4.6755643 9.894961 ]
[ 6.36423  10.726789]
[6.1324344 7.8582354]
[ 7.56859  10.377966]
[ 4.199079 10.447526]
[5.700327 9.763121]
[6.2523 9.7021]
[5.599878 8.324973]
[ 3.9587533 10.252084 ]
[4.338274 9.875299]
[6.905848 9.324156]
[3.7641377 9.394973 ]
[6.5897317 9.347487 ]
[6.492992 9.573268]
[3.1844115 9.125826 ]
[1.9733187 9.245073 ]
[6.0547996 7.008779 ]
[ 4.6757054 10.830727 ]
[ 4.591069 10.675452]
[ 4.8096576 10.043664 ]
[3.0704231 8.34668  ]
[ 6.499423 10.780598]
[ 4.5812836 10.906239 ]
[6.5008283 7.2621503]
[4.4069247 8.681562 ]
[ 6.705349 10.532361]
[4.7474704 8.548808 ]
[ 4.75682 10.03765]
[2.3602805 9.133877 ]
[2.9752414 9.921437 ]
[ 5.184492 11.229832]
[ 1.6861736 10.736515 ]
[ 3.0208197 10.236276 ]
[5.4139733 7.9956436]
[4.696019  7.7674165]
[ 3.6138415 10.062854 ]
[2.4824462 8.56308  ]
[5.6632934 9.771548 ]
[5.2801385 9.573545 ]
[7.242241 9.449806]
[ 1.9678977 10.820666 ]
[6.2444715 9.389025 ]
[6.6666255 9.633562 ]
[5.180052 9.842609]
[4.629836  7.5854945]
[ 5.3372226 10.624842 ]
[5.2053056 7.4513035]
[2.9600747 8.195846 ]
[5.740896 7.386399]
[4.8639936 8.333929 ]
[6.09536  8.933864]
[6.239924 9.647431]
[ 5.0015287 10.000468 ]
[ 4.981726 10.055048]
[4.5739474 7.713074 ]
[2.8078988 8.779287 ]
[ 3.1852598 10.371606 ]
